993
998
997
994
990
972
977
991
988
989
983
984
986
974
768
979
927
944
957
913
978
976
912
21
846
223
845
945
964
967
962
776
959
36
963
961
947
919
925
818
717
911
935
956
946
665
932
937
877
893
922
914
829
24
895
182
769
934
92
868
892
880
931
886
439
30
862
121
102
844
35
917
115
887
822
98
910
907
780
866
746
870
117
63
835
194
264
703
896
214
885
38
752
122
736
711
476
851
450
23
857
459
12
124
483
779
814
475
94
834
875
859
734
157
282
177
414
853
705
864
108
820
18
842
863
86
807
545
795
785
783
488
169
229
433
824
195
649
112
815
832
787
60
6
744
334
731
190
554
849
234
511
248
827
760
796
159
173
523
501
810
727
636
830
735
55
394
816
513
742
692
823
789
458
307
741
601
621
687
83
538
812
571
788
269
644
754
78
651
324
174
218
663
675
37
410
801
203
758
479
622
283
581
219
712
682
208
698
296
136
706
718
766
429
226
8
71
721
753
514
702
778
775
696
33
341
739
109
386
632
463
240
241
119
388
340
634
281
677
607
656
688
220
588
449
141
263
171
620
576
474
589
715
624
331
486
590
608
235
481
320
587
199
725
321
643
733
595
728
648
313
162
43
434
438
697
370
613
347
228
699
666
148
888
759
104
995
50
709
647
652
515
120
67
76
640
318
533
216
798
672
206
351
693
133
275
468
233
213
260
274
657
507
808
297
684
508
509
605
506
503
662
453
40
367
560
617
597
153
419
465
363
484
135
464
310
376
183
154
338
155
253
244
582
371
628
422
411
536
425
878
534
88
447
915
243
580
65
412
547
452
606
499
471
259
315
786
179
377
625
569
428
435
600
774
599
61
393
291
336
202
903
365
544
362
596
258
467
432
302
568
402
397
1
311
197
661
444
609
34
493
524
416
574
559
20
445
504
502
380
441
591
462
936
286
455
494
198
460
537
577
49
118
66
255
518
389
90
565
278
516
14
540
496
942
254
111
700
417
143
13
158
532
369
205
279
201
383
70
292
221
413
403
542
356
238
355
7
32
80
335
147
309
93
59
128
375
175
15
848
353
0
806
928
242
436
528
360
898
374
156
390
520
345
74
298
690
897
372
82
262
344
323
207
472
19
10
352
268
230
368
611
539
96
9
245
497
142
306
487
289
852
871
676
423
884
285
16
505
196
421
100
266
272
451
379
125
2
145
442
58
478
732
424
329
107
526
137
802
470
396
953
316
722
456
500
276
531
330
357
557
312
250
139
399
87
227
440
755
555
290
391
22
130
97
418
225
346
584
556
686
549
251
655
562
678
430
575
491
68
552
354
943
348
550
583
751
64
3
273
62
578
446
512
490
694
381
91
420
448
529
342
671
328
680
152
745
48
454
473
191
317
138
210
85
860
392
461
300
387
669
586
319
114
385
469
837
567
277
236
645
81
602
564
579
756
570
629
519
256
160
322
401
561
809
630
187
891
840
427
626
339
222
308
343
303
204
431
546
395
144
188
26
314
325
287
193
650
654
167
52
178
134
326
653
305
825
641
163
378
623
593
495
349
638
406
510
304
271
660
408
366
350
337
132
382
604
252
592
585
261
270
573
294
84
200
485
704
384
185
821
237
364
25
361
614
437
890
535
409
327
101
165
44
527
566
799
168
646
633
415
673
659
548
729
45
716
615
551
288
689
457
181
658
249
714
150
284
637
56
301
791
489
299
517
681
151
642
280
164
257
639
466
664
398
924
761
192
47
239
443
498
525
176
172
186
211
405
723
738
89
695
748
743
189
492
530
482
616
627
619
855
765
784
724
73
27
679
726
691
295
480
793
29
217
247
426
740
782
770
803
116
267
707
521
767
674
166
668
713
667
598
358
543
553
400
603
79
129
103
359
184
800
631
720
757
817
95
763
805
797
373
683
72
750
719
69
246
841
53
685
522
558
777
99
854
572
670
209
836
710
105
106
231
771
635
838
858
332
701
31
477
730
110
831
873
792
828
140
180
28
781
737
161
618
804
843
123
77
708
612
883
865
762
889
131
149
819
610
876
826
594
404
127
224
563
46
747
839
856
5
909
790
902
293
265
899
861
901
906
407
874
54
879
905
51
333
918
920
904
847
923
212
900
232
929
42
833
926
908
872
940
933
215
813
75
794
930
773
948
811
850
916
39
41
941
955
867
881
894
126
952
882
869
170
958
951
113
749
11
17
938
772
966
971
954
939
949
968
970
973
146
57
980
541
982
985
764
969
981
950
975
965
921
960
987
992
996
4
999
